chr1	4491763	4493811	2049
chr1	17096845	17097505	661
chr1	19103610	19104932	1323
chr1	24587420	24587668	249
chr1	33906137	33906648	512
chr1	33908683	33909192	510
chr1	34460199	34460832	634
chr1	34535137	34538265	3129
chr1	34578550	34579521	972
chr1	34751242	34751824	583
chr1	37028055	37028589	535
chr1	37540111	37540461	351
chr1	39192645	39196293	3649
chr1	39477018	39477302	285
chr1	40435618	40435669	52
chr1	42698243	42698445	203
chr1	62703584	62706244	2661
chr1	74303612	74304550	939
chr1	74390197	74390806	610
chr1	74855264	74857524	2261
chr1	74881289	74883540	2252
chr1	74884379	74886040	1662
chr1	75218476	75221442	2967
chr1	75263001	75265106	2106
chr1	75359438	75361607	2170
chr1	75369430	75369725	296
chr1	75374713	75376033	1321
chr1	75382415	75382950	536
chr1	75387374	75390068	2695
chr1	75421409	75424025	2617
chr1	75448827	75451688	2862
chr1	75486047	75488009	1963
chr1	78310239	78311164	926
chr1	86302463	86304767	2305
chr1	87152696	87156741	4046
chr1	88700054	88702718	2665
chr1	89928943	89929292	350
chr1	89929996	89931721	1726
chr1	89932677	89932805	129
chr1	90953583	90953905	323
chr1	90967462	90967588	127
chr1	93236020	93236364	345
chr1	93685420	93686674	1255
chr1	105355968	105357163	1196
chr1	105780152	105782243	2092
chr1	106712182	106713617	1436
chr1	118980284	118982098	1815
chr1	119503967	119504370	404
chr1	120339895	120343427	3533
chr1	124044154	124045582	1429
chr1	127676625	127680104	3480
chr1	128591469	128591722	254
chr1	131243966	131245134	1169
chr1	132066811	132069050	2240
chr1	132138362	132140042	1681
chr1	132298467	132300060	1594
chr1	133311606	133312322	717
chr1	133799441	133801566	2126
chr1	133906052	133906703	652
chr1	134234179	134236463	2285
chr1	134645210	134648085	2876
chr1	134708284	134709769	1486
chr1	135583976	135584538	563
chr1	135584754	135584820	67
chr1	135686578	135687448	871
chr1	135817598	135820154	2557
chr1	135917868	135920342	2475
chr1	136258782	136261114	2333
chr1	139455231	139455650	420
chr1	146498507	146499055	549
chr1	152764240	152765852	1613
chr1	153093528	153093957	430
chr1	153094093	153094364	272
chr1	153184708	153186821	2114
chr1	153425212	153426205	994
chr1	153652227	153652411	185
chr1	153652986	153653543	558
chr1	153659065	153660068	1004
chr1	153669411	153670170	760
chr1	153738621	153741283	2663
chr1	154723818	154726336	2519
chr1	155812045	155813003	959
chr1	156202791	156205491	2701
chr1	159524107	159525211	1105
chr1	162475136	162477361	2226
chr1	164456197	164457495	1299
chr1	167001502	167002549	1048
chr1	167688105	167690422	2318
chr1	167691210	167692429	1220
chr1	171296122	171296734	613
chr1	171437262	171439398	2137
chr1	172325714	172327013	1300
chr1	176274560	176275025	466
chr1	178527784	178528561	778
chr1	178529483	178530430	948
chr1	180330450	180333470	3021
chr1	180481940	180484184	2245
chr1	181510324	181510474	151
chr1	182763165	182763944	780
chr1	182764746	182765285	540
chr1	183221218	183221432	215
chr1	190171692	190173937	2246
chr1	191395158	191396981	1824
chr1	192190334	192192025	1692
chr10	3741070	3742050	981
chr10	12867962	12868348	387
chr10	13388649	13388827	179
chr10	18844387	18846222	1836
chr10	19932440	19932865	426
chr10	20147428	20149081	1654
chr10	24710901	24713106	2206
chr10	24919181	24919549	369
chr10	29533148	29534873	1726
chr10	30590357	30590792	436
chr10	40682874	40683613	740
chr10	43578515	43580321	1807
chr10	52025127	52025502	376
chr10	59862123	59862260	138
chr10	60105728	60106074	347
chr10	60106987	60107446	460
chr10	60830195	60830707	513
chr10	60832204	60833101	898
chr10	61977120	61980258	3139
chr10	63097893	63098450	558
chr10	63100559	63101192	634
chr10	64088448	64089841	1394
chr10	70244473	70246550	2078
chr10	75061219	75062135	917
chr10	75559486	75561284	1799
chr10	75833419	75834940	1522
chr10	75930399	75932597	2199
chr10	77416096	77417751	1656
chr10	78465186	78465370	185
chr10	78590880	78593054	2175
chr10	79716059	79718606	2548
chr10	79735229	79735907	679
chr10	79781023	79782230	1208
chr10	79919210	79922523	3314
chr10	79987612	79990428	2817
chr10	80013235	80014980	1746
chr10	80135951	80138449	2499
chr10	80138525	80138875	351
chr10	80341083	80343367	2285
chr10	80347596	80349495	1900
chr10	80355311	80358429	3119
chr10	80495088	80497370	2283
chr10	80808277	80810694	2418
chr10	80842938	80844164	1227
chr10	80930745	80933820	3076
chr10	81133966	81135954	1989
chr10	81193531	81196000	2470
chr10	81229724	81230199	476
chr10	81251924	81253118	1195
chr10	81256782	81258582	1801
chr10	81363554	81365453	1900
chr10	81473216	81474195	980
chr10	81477171	81477575	405
chr10	82983468	82984715	1248
chr10	83335007	83336655	1649
chr10	83534796	83534988	193
chr10	84577877	84578540	664
chr10	86301331	86301746	416
chr10	90830299	90831573	1275
chr10	93310188	93312045	1858
chr10	114800329	114801190	862
chr10	115583946	115586655	2710
chr10	117149254	117150472	1219
chr10	119452755	119453643	889
chr10	119454392	119455970	1579
chr10	120897667	120899657	1991
chr10	121205235	121205286	52
chr10	121309797	121310672	876
chr10	121474790	121476140	1351
chr10	121640958	121642873	1916
chr10	125967049	125967811	763
chr10	127047935	127051191	3257
chr10	127079547	127081720	2174
chr10	127165645	127167722	2078
chr10	127325542	127327937	2396
chr10	127642499	127644832	2334
chr10	127664207	127668406	4200
chr10	128194888	128196602	1715
chr10	128212930	128214234	1305
chr10	128587254	128589950	2697
chr10	128742529	128742840	312
chr11	3931336	3931741	406
chr11	4117447	4118689	1243
chr11	4946633	4947057	425
chr11	5057441	5059820	2380
chr11	5061272	5062261	990
chr11	5064011	5064991	981
chr11	6064268	6067410	3143
chr11	7064321	7065204	884
chr11	12023235	12024581	1347
chr11	12035523	12038271	2749
chr11	16752342	16753091	750
chr11	30024336	30024615	280
chr11	32220715	32223159	2445
chr11	32531144	32534016	2873
chr11	33143945	33144661	717
chr11	33144761	33145398	638
chr11	33146785	33148311	1527
chr11	33842433	33843955	1523
chr11	35120175	35122925	2751
chr11	35797287	35798338	1052
chr11	35799140	35799808	669
chr11	37234060	37235527	1468
chr11	48823844	48824824	981
chr11	49902230	49902783	554
chr11	50602548	50605461	2914
chr11	52763125	52765972	2848
chr11	53456443	53458199	1757
chr11	53478300	53480327	2028
chr11	53763293	53763930	638
chr11	55077392	55078520	1129
chr11	57829508	57830463	956
chr11	57831338	57831716	379
chr11	57832579	57832828	250
chr11	57833735	57833950	216
chr11	59004446	59005721	1276
chr11	59288480	59292573	4094
chr11	61022050	61024121	2072
chr11	63918516	63920372	1857
chr11	63920987	63922102	1116
chr11	68946992	68947947	956
chr11	68953407	68955093	1687
chr11	69120401	69122343	1943
chr11	69195530	69195979	450
chr11	69196562	69197939	1378
chr11	69235926	69237683	1758
chr11	69326553	69328154	1602
chr11	69367335	69368371	1037
chr11	69400806	69401765	960
chr11	70213796	70216203	2408
chr11	70226081	70227031	951
chr11	70228928	70230546	1619
chr11	70519675	70520575	901
chr11	70539210	70541246	2037
chr11	71750654	71752084	1431
chr11	72134394	72137025	2632
chr11	72488670	72489587	918
chr11	73019507	73020699	1193
chr11	73159501	73161477	1977
chr11	74522751	74524078	1328
chr11	74588758	74591559	2802
chr11	74609952	74612533	2582
chr11	74619809	74620823	1015
chr11	75165023	75169111	4089
chr11	75172239	75173172	934
chr11	75193119	75195455	2337
chr11	75652864	75654757	1894
chr11	75794598	75796823	2226
chr11	76000025	76000589	565
chr11	76509175	76509626	452
chr11	76672356	76673989	1634
chr11	77461768	77463307	1540
chr11	77488545	77489553	1009
chr11	77885174	77885324	151
chr11	77886935	77887280	346
chr11	77896704	77898153	1450
chr11	77931502	77932874	1373
chr11	77932913	77933041	129
chr11	78188250	78189987	1738
chr11	78194863	78195133	271
chr11	79145214	79146029	816
chr11	79711556	79713842	2287
chr11	80779224	80779709	486
chr11	81151582	81152976	1395
chr11	82387899	82390306	2408
chr11	82433243	82435314	2072
chr11	82870439	82871039	601
chr11	82930065	82934087	4023
chr11	83441462	83442802	1341
chr11	84516241	84516599	359
chr11	84956551	84959375	2825
chr11	85894858	85895708	851
chr11	87764051	87764815	765
chr11	88097056	88099003	1948
chr11	90387767	90390312	2546
chr11	93099155	93101150	1996
chr11	94471716	94474003	2288
chr11	94499401	94500387	987
chr11	95074965	95078003	3039
chr11	95513477	95515135	1659
chr11	95825022	95826303	1282
chr11	95833702	95834322	621
chr11	96193204	96196366	3163
chr11	96250357	96252600	2244
chr11	96255267	96256174	908
chr11	96269965	96272885	2921
chr11	96283109	96284644	1536
chr11	96300343	96301077	735
chr11	96318150	96320974	2825
chr11	96340760	96341034	275
chr11	96344166	96346679	2514
chr11	96364993	96367145	2153
chr11	97498978	97502047	3070
chr11	97533824	97535611	1788
chr11	97536369	97536677	309
chr11	97660803	97662694	1892
chr11	97985223	97987066	1844
chr11	98051188	98053266	2079
chr11	98326860	98327273	414
chr11	98346177	98347379	1203
chr11	98348329	98350232	1904
chr11	98386440	98388121	1682
chr11	98446260	98448690	2431
chr11	98837390	98838781	1392
chr11	98935633	98938603	2971
chr11	98959039	98963489	4451
chr11	100047776	100047931	156
chr11	100571076	100572266	1191
chr11	100859748	100861586	1839
chr11	101078156	101080399	2244
chr11	101783163	101784679	1517
chr11	102088103	102088771	669
chr11	103100209	103102187	1979
chr11	103111770	103113395	1626
chr11	103170537	103172286	1750
chr11	103192941	103193683	743
chr11	103198277	103199475	1199
chr11	103332985	103334416	1432
chr11	103360502	103363950	3449
chr11	104132004	104134974	2971
chr11	104232384	104234881	2498
chr11	104607688	104609280	1593
chr11	105590175	105590758	584
chr11	105943634	105944654	1021
chr11	106500659	106500809	151
chr11	107545951	107547115	1165
chr11	110335134	110335809	676
chr11	113750084	113751225	1142
chr11	114850960	114853657	2698
chr11	115090914	115092918	2005
chr11	115153814	115155645	1832
chr11	115163309	115165342	2034
chr11	115265775	115267842	2068
chr11	115296863	115297470	608
chr11	115316793	115319117	2325
chr11	115321674	115324517	2844
chr11	115823789	115825668	1880
chr11	116386325	116386991	667
chr11	116413302	116413504	203
chr11	116456855	116457100	246
chr11	116531059	116531155	97
chr11	116623592	116624989	1398
chr11	117413761	117416291	2531
chr11	117651883	117653927	2045
chr11	117825325	117826184	860
chr11	118568747	118571317	2571
chr11	119546544	119550025	3482
chr11	120360831	120361971	1141
chr11	120607702	120609199	1498
chr11	120721847	120722638	792
chr11	121386936	121387222	287
chr12	9576312	9576532	221
chr12	12938597	12941176	2580
chr12	15801232	15801613	382
chr12	15814313	15815950	1638
chr12	27340759	27341860	1102
chr12	28860725	28861300	576
chr12	30372707	30373754	1048
chr12	31391222	31391325	104
chr12	34906038	34907330	1293
chr12	35534022	35535202	1181
chr12	44221193	44222154	962
chr12	54987384	54987541	158
chr12	56533172	56534918	1747
chr12	56535531	56536922	1392
chr12	56610866	56614762	3897
chr12	56691436	56691981	546
chr12	56696180	56697590	1411
chr12	67220722	67222982	2261
chr12	70346472	70346897	426
chr12	71310548	71310996	449
chr12	72939332	72942006	2675
chr12	73544567	73546859	2293
chr12	76404848	76406801	1954
chr12	76531492	76534545	3054
chr12	79029386	79029996	611
chr12	80260534	80261801	1268
chr12	80758737	80759751	1015
chr12	81332854	81334252	1399
chr12	81779637	81780893	1257
chr12	82170354	82172326	1973
chr12	83484492	83485479	988
chr12	84101040	84101382	343
chr12	84217245	84218804	1560
chr12	84874742	84877270	2529
chr12	85474836	85476754	1919
chr12	85599653	85600721	1069
chr12	86421829	86424902	3074
chr12	86881521	86884063	2543
chr12	86988979	86990151	1173
chr12	98737622	98739077	1456
chr12	102899381	102900178	798
chr12	103532801	103533703	903
chr12	104470784	104473371	2588
chr12	105337009	105338010	1002
chr12	108335241	108335584	344
chr12	109052120	109054670	2551
chr12	109452184	109454338	2155
chr12	109539732	109540507	776
chr12	109541148	109542353	1206
chr12	110277307	110280589	3283
chr12	111273854	111276609	2756
chr12	111444668	111446604	1937
chr12	111674088	111674322	235
chr12	112721473	112722134	662
chr12	118197603	118199246	1644
chr13	4605931	4606898	968
chr13	8203236	8203631	396
chr13	21716472	21716798	327
chr13	21717668	21718000	333
chr13	21721630	21721768	139
chr13	21753671	21753806	136
chr13	21754344	21754497	154
chr13	21783017	21783366	350
chr13	21787034	21787183	150
chr13	21808617	21809847	1231
chr13	21834094	21835321	1228
chr13	22035363	22035529	167
chr13	22042747	22043575	829
chr13	23533902	23534108	207
chr13	23535447	23535819	373
chr13	23542987	23543205	219
chr13	23561996	23562343	348
chr13	23570935	23571421	487
chr13	23573825	23573887	63
chr13	23574117	23574642	526
chr13	23575834	23576215	382
chr13	23683827	23684557	731
chr13	23745126	23745472	347
chr13	23751255	23751509	255
chr13	23752255	23752748	494
chr13	23762003	23762313	311
chr13	23772639	23772696	58
chr13	30659832	30660618	787
chr13	31556748	31560201	3454
chr13	31624131	31624511	381
chr13	31625124	31627322	2199
chr13	35738407	35740892	2486
chr13	36727048	36727766	719
chr13	36734095	36735248	1154
chr13	40735811	40736214	404
chr13	40737876	40738793	918
chr13	41220048	41220618	571
chr13	43301138	43302357	1220
chr13	43785027	43786731	1705
chr13	45390808	45391532	725
chr13	45506942	45508950	2009
chr13	45965745	45966116	372
chr13	47013793	47014552	760
chr13	47193570	47196272	2703
chr13	49146328	49146600	273
chr13	52981471	52982296	826
chr13	54950288	54950679	392
chr13	55830750	55831904	1155
chr13	56250961	56252615	1655
chr13	57906653	57908180	1528
chr13	60175178	60177310	2133
chr13	62623484	62623616	133
chr13	63272222	63273310	1089
chr13	64162875	64163547	673
chr13	64273325	64276034	2710
chr13	73260216	73261372	1157
chr13	73261511	73262620	1110
chr13	76383271	76384627	1357
chr13	81049566	81049726	161
chr13	89539188	89539678	491
chr13	96131826	96132315	490
chr13	96133308	96134011	704
chr13	97240527	97241992	1466
chr13	100551297	100553213	1917
chr13	100616166	100617140	975
chr13	103919240	103921979	2740
chr13	104036864	104038157	1294
chr13	104038355	104039010	656
chr13	104063924	104064680	757
chr13	107888484	107889450	967
chr13	108214159	108216398	2240
chr13	110395287	110396666	1380
chr13	111490986	111493170	2185
chr13	119897449	119897807	359
chr14	3225371	3225440	70
chr14	12343948	12346455	2508
chr14	12347519	12348117	599
chr14	20662101	20662963	863
chr14	21989377	21991703	2327
chr14	25841110	25843320	2211
chr14	27335381	27337449	2069
chr14	29720513	29721664	1152
chr14	30010359	30010508	150
chr14	30625065	30626595	1531
chr14	30714400	30715465	1066
chr14	31130616	31131790	1175
chr14	32460699	32461074	376
chr14	39471591	39472665	1075
chr14	39473428	39474329	902
chr14	46881918	46884032	2115
chr14	48665958	48666515	558
chr14	50896541	50896998	458
chr14	52120026	52120596	571
chr14	57397852	57398306	455
chr14	57523379	57525004	1626
chr14	57744612	57745639	1028
chr14	58073160	58074690	1531
chr14	63604453	63604718	266
chr14	64590035	64590300	266
chr14	69027946	69028347	402
chr14	69029720	69029919	200
chr14	69283869	69284305	437
chr14	70075402	70076259	858
chr14	70077541	70081574	4034
chr14	70158755	70159545	791
chr14	70176064	70178497	2434
chr14	70286988	70289131	2144
chr14	70456822	70458761	1940
chr14	70554000	70555218	1219
chr14	70626817	70628496	1680
chr14	70635106	70636890	1785
chr14	70939210	70939477	268
chr14	74352520	74352675	156
chr14	78724453	78726275	1823
chr14	79300424	79301211	788
chr14	116927928	116929458	1531
chr14	118703897	118706995	3099
chr14	121033893	121035049	1157
chr14	121697060	121698429	1370
chr14	121795954	121797552	1599
chr14	122912831	122913393	563
chr14	124192804	124194089	1286
chr15	7129623	7131517	1895
chr15	7152114	7152285	172
chr15	7153702	7154351	650
chr15	11064665	11065262	598
chr15	12737543	12740000	2458
chr15	25413041	25414546	1506
chr15	27680268	27680905	638
chr15	30645663	30647399	1737
chr15	36164704	36165401	698
chr15	37231605	37234809	3205
chr15	41788373	41789962	1590
chr15	57691946	57694019	2074
chr15	64059238	64059513	276
chr15	64060612	64061307	696
chr15	64312036	64312392	357
chr15	64919751	64921766	2016
chr15	64923080	64923598	519
chr15	71727190	71728052	863
chr15	72545349	72549079	3731
chr15	73724479	73725873	1395
chr15	73747692	73749255	1564
chr15	74515642	74519586	3945
chr15	74671010	74671368	359
chr15	76009182	76011542	2361
chr15	76089319	76090727	1409
chr15	76197415	76198663	1249
chr15	76207131	76207396	266
chr15	76229363	76234148	4786
chr15	76306411	76307534	1124
chr15	76457105	76458940	1836
chr15	76516632	76519708	3077
chr15	76660701	76661596	896
chr15	76666834	76669988	3155
chr15	76717826	76719292	1467
chr15	78408769	78411043	2275
chr15	78899206	78900967	1762
chr15	78927800	78928250	451
chr15	78982550	78983232	683
chr15	79040576	79043768	3193
chr15	79109769	79110353	585
chr15	79803038	79805004	1967
chr15	79933190	79935869	2680
chr15	80013110	80015784	2675
chr15	80285963	80288892	2930
chr15	81692396	81695331	2936
chr15	82210973	82213082	2110
chr15	82340066	82341723	1658
chr15	85576099	85578059	1961
chr15	85820710	85822446	1737
chr15	86184217	86185135	919
chr15	89058594	89059447	854
chr15	89139511	89141732	2222
chr15	89146883	89149199	2317
chr15	89376990	89379780	2791
chr15	89556746	89559264	2519
chr15	92597159	92598457	1299
chr15	92743562	92743780	219
chr15	94629043	94630647	1605
chr15	98168043	98170597	2555
chr15	98631106	98634199	3094
chr15	98674652	98677235	2584
chr15	98893888	98898950	5063
chr15	99222606	99226782	4177
chr15	99589193	99591625	2433
chr15	99653449	99655177	1729
chr15	100871877	100872366	490
chr15	101224697	101225270	574
chr15	101253746	101254582	837
chr15	101266243	101268644	2402
chr15	101712462	101712701	240
chr15	102243350	102246360	3011
chr15	102249428	102249656	229
chr15	102255693	102257770	2078
chr15	102919458	102922883	3426
chr15	102934390	102935121	732
chr15	102936720	102937475	756
chr15	102939458	102940110	653
chr15	102954849	102957236	2388
chr15	102972368	102973524	1157
chr15	102990198	102991791	1594
chr15	103014162	103015775	1614
chr15	103146071	103147883	1813
chr15	103168082	103172139	4058
chr15	103339114	103341631	2518
chr15	103503647	103504246	600
chr16	5130716	5133466	2751
chr16	5885510	5886892	1383
chr16	8670627	8670800	174
chr16	9992062	9993462	1401
chr16	13446937	13449803	2867
chr16	16213375	16216236	2862
chr16	16561357	16561586	230
chr16	16599650	16600557	908
chr16	17147070	17148394	1325
chr16	17276666	17278533	1868
chr16	17489534	17490456	923
chr16	17802286	17805541	3256
chr16	17831397	17835671	4275
chr16	18127982	18128689	708
chr16	18348397	18350126	1730
chr16	18392965	18393280	316
chr16	18587853	18589041	1189
chr16	18590521	18592195	1675
chr16	18620697	18623159	2463
chr16	19760113	19761966	1854
chr16	20497107	20498168	1062
chr16	20590104	20593194	3091
chr16	22433539	22436504	2966
chr16	22437885	22438073	189
chr16	22440898	22441395	498
chr16	22655924	22657469	1546
chr16	23224648	23225333	686
chr16	23226294	23226775	482
chr16	23227282	23227755	474
chr16	23266577	23266767	191
chr16	23986390	23987598	1209
chr16	28444655	28446277	1623
chr16	30307836	30310524	2689
chr16	31427844	31428986	1143
chr16	31934611	31936479	1869
chr16	32164542	32165641	1100
chr16	33829202	33831084	1883
chr16	33890723	33891216	494
chr16	59600661	59601159	499
chr16	67618820	67619075	256
chr16	77500510	77500705	196
chr16	85550108	85550317	210
chr16	85802838	85803706	869
chr16	89817411	89819138	1728
chr16	89918781	89919292	512
chr16	89959071	89961138	2068
chr16	90830493	90832476	1984
chr16	91226196	91227823	1628
chr16	92399672	92401172	1501
chr16	92693083	92693890	808
chr16	92699193	92700122	930
chr16	96274349	96274592	244
chr17	5940214	5942023	1810
chr17	8432344	8435944	3601
chr17	8526041	8527084	1044
chr17	8797762	8800754	2993
chr17	8802863	8803207	345
chr17	8849072	8849247	176
chr17	13051733	13051845	113
chr17	15825465	15825838	374
chr17	23678482	23680450	1969
chr17	23741670	23746089	4420
chr17	23785518	23785821	304
chr17	23789878	23790504	627
chr17	23832838	23833076	239
chr17	24151862	24152123	262
chr17	24350370	24351553	1184
chr17	24548879	24549118	240
chr17	24651544	24651884	341
chr17	24687206	24689206	2001
chr17	25451690	25451995	306
chr17	25951187	25952493	1307
chr17	26201002	26201631	630
chr17	26202466	26204008	1543
chr17	26838809	26839650	842
chr17	26840919	26841414	496
chr17	27056061	27059066	3006
chr17	27511592	27514295	2704
chr17	27555262	27556076	815
chr17	28689129	28689972	844
chr17	29093372	29095080	1709
chr17	29886223	29888049	1827
chr17	31057991	31058429	439
chr17	31058618	31059083	466
chr17	31852877	31855510	2634
chr17	32367686	32369504	1819
chr17	32388414	32388910	497
chr17	32391980	32392766	787
chr17	32395761	32397740	1980
chr17	33977325	33979594	2270
chr17	34589684	34590822	1139
chr17	34630915	34632317	1403
chr17	34957020	34958930	1911
chr17	34969069	34971814	2746
chr17	35065058	35066227	1170
chr17	35263437	35265089	1653
chr17	36144524	36147111	2588
chr17	36167109	36169382	2274
chr17	36942371	36944071	1701
chr17	43802021	43802550	530
chr17	46029836	46031779	1944
chr17	47671495	47673063	1569
chr17	47737357	47739058	1702
chr17	49562482	49564380	1899
chr17	56119723	56121255	1533
chr17	56123894	56124216	323
chr17	56139501	56139829	329
chr17	56140835	56141988	1154
chr17	56240120	56240262	143
chr17	56302881	56303384	504
chr17	56627837	56629067	1231
chr17	57061170	57063763	2594
chr17	57148135	57150040	1906
chr17	57273453	57276309	2857
chr17	68002182	68002953	772
chr17	68003821	68004420	600
chr17	69076676	69078221	1546
chr17	69438025	69440331	2307
chr17	69440757	69441318	562
chr17	71228076	71228526	451
chr17	71674217	71675130	914
chr17	71715622	71715772	151
chr17	71782863	71784088	1226
chr17	72918974	72919356	383
chr17	78200619	78202137	1519
chr17	78400670	78400957	288
chr17	79355591	79356320	730
chr17	80063797	80064464	668
chr17	83630216	83632842	2627
chr17	85616282	85616745	464
chr17	85618085	85618492	408
chr17	85621241	85622586	1346
chr17	85623382	85623921	540
chr17	85685117	85685493	377
chr17	85688407	85689405	999
chr17	86168578	86169270	693
chr17	87281585	87284779	3195
chr17	87795932	87799483	3552
chr18	4812193	4812687	495
chr18	7869114	7869363	250
chr18	10706017	10706586	570
chr18	12690513	12690664	152
chr18	15063939	15066600	2662
chr18	32559284	32560270	987
chr18	34861723	34864052	2330
chr18	36195273	36196428	1156
chr18	36281828	36283261	1434
chr18	36348871	36349557	687
chr18	36514096	36515480	1385
chr18	38208517	38211691	3175
chr18	38599425	38601042	1618
chr18	38993771	38995446	1676
chr18	44660437	44661585	1149
chr18	45559829	45562138	2310
chr18	46464629	46465935	1307
chr18	51116074	51117327	1254
chr18	56431276	56432135	860
chr18	60923297	60924449	1153
chr18	61012552	61015175	2624
chr18	61015218	61015358	141
chr18	61035008	61038001	2994
chr18	61398266	61399945	1680
chr18	61401239	61401866	628
chr18	61786013	61787039	1027
chr18	64517418	64518899	1482
chr18	65028042	65028233	192
chr18	65431276	65432502	1227
chr18	67088503	67089875	1373
chr18	67131470	67134196	2727
chr18	67288867	67290561	1695
chr18	75695209	75696442	1234
chr18	76858656	76861224	2569
chr18	77184655	77186918	2264
chr18	77793387	77796625	3239
chr18	80708380	80709560	1181
chr18	82405404	82407866	2463
chr18	84082095	84082281	187
chr19	4099868	4101794	1927
chr19	4213227	4216414	3188
chr19	4268488	4269909	1422
chr19	4438560	4440538	1979
chr19	4476603	4477403	801
chr19	4510902	4511867	966
chr19	4941734	4942751	1018
chr19	5081939	5082531	593
chr19	5083592	5086111	2520
chr19	5348997	5349496	500
chr19	5447665	5449637	1973
chr19	5473818	5474830	1013
chr19	5756828	5757665	838
chr19	6399425	6402133	2709
chr19	6419845	6420657	813
chr19	6427203	6429189	1987
chr19	6829033	6831600	2568
chr19	6925005	6928472	3468
chr19	6932850	6934689	1840
chr19	7056024	7058333	2310
chr19	8929265	8930441	1177
chr19	10389452	10390800	1349
chr19	11818179	11820379	2201
chr19	12498786	12501385	2600
chr19	12596131	12597086	956
chr19	16876226	16877020	795
chr19	17355335	17356807	1473
chr19	17835645	17837031	1387
chr19	21628421	21628597	177
chr19	24029665	24031939	2275
chr19	24556873	24557984	1112
chr19	24896705	24898254	1550
chr19	24899213	24901901	2689
chr19	25504409	25506940	2532
chr19	26600920	26602585	1666
chr19	27217659	27218779	1121
chr19	28835349	28835656	308
chr19	31866410	31866622	213
chr19	36347556	36350440	2885
chr19	36408600	36409502	903
chr19	37433853	37437547	3695
chr19	37547004	37547468	465
chr19	37684440	37687705	3266
chr19	41830897	41832410	1514
chr19	41981958	41984084	2127
chr19	42147233	42149099	1867
chr19	42199526	42202586	3061
chr19	42253738	42254023	286
chr19	42254046	42256301	2256
chr19	43440820	43442478	1659
chr19	43614636	43615319	684
chr19	44405704	44407546	1843
chr19	44544473	44546081	1609
chr19	44755311	44757713	2403
chr19	45076460	45079019	2560
chr19	45150542	45151591	1050
chr19	46003625	46004424	800
chr19	46136112	46137891	1780
chr19	46314410	46315112	703
chr19	46316635	46318982	2348
chr19	46357016	46358637	1622
chr19	46758996	46759267	272
chr19	47015531	47015914	384
chr19	47178435	47181087	2653
chr19	47855407	47855828	422
chr19	53529518	53530829	1312
chr19	57007116	57008906	1791
chr19	57195714	57197856	2143
chr19	57451287	57451437	151
chr19	57609895	57610201	307
chr19	58859371	58861283	1913
chr19	59074703	59076456	1754
chr19	59165765	59166984	1220
chr19	59169043	59170327	1285
chr19	59171438	59172378	941
chr19	60757370	60758250	881
chr2	5064972	5065213	242
chr2	5712351	5713628	1278
chr2	6128968	6130217	1250
chr2	6591634	6591785	152
chr2	10369460	10372156	2697
chr2	13574453	13575610	1158
chr2	16357373	16357642	270
chr2	17729839	17730993	1155
chr2	18031252	18033474	2223
chr2	18677712	18681210	3499
chr2	19658314	19659566	1253
chr2	21368595	21369060	466
chr2	25054084	25054923	840
chr2	25055522	25056186	665
chr2	25241343	25242875	1533
chr2	25290226	25292794	2569
chr2	25318813	25319222	410
chr2	25364919	25365832	914
chr2	25576935	25580076	3142
chr2	25615630	25617492	1863
chr2	25863528	25864406	879
chr2	26090952	26092589	1638
chr2	26202157	26204331	2175
chr2	27343421	27344473	1053
chr2	27425238	27426275	1038
chr2	28206038	28206962	925
chr2	29251002	29252727	1726
chr2	29844572	29847449	2878
chr2	30472423	30473499	1077
chr2	30474580	30474831	252
chr2	31313361	31316062	2702
chr2	31448022	31448266	245
chr2	31452963	31453407	445
chr2	31641276	31642375	1100
chr2	32082220	32084293	2074
chr2	32311758	32312694	937
chr2	32317950	32318972	1023
chr2	32351505	32353006	1502
chr2	32360717	32362154	1438
chr2	32578103	32580037	1935
chr2	32607445	32608570	1126
chr2	35126922	35127054	133
chr2	35581336	35583298	1963
chr2	36102008	36104091	2084
chr2	38335734	38337989	2256
chr2	45108606	45110221	1616
chr2	45111074	45111260	187
chr2	45115299	45117583	2285
chr2	52674190	52675936	1747
chr2	57110580	57110708	129
chr2	57111269	57113871	2603
chr2	58357281	58358013	733
chr2	59613408	59614017	610
chr2	64098440	64099039	600
chr2	66408485	66408927	443
chr2	69873260	69873410	151
chr2	70561477	70563612	2136
chr2	71540720	71541616	897
chr2	71873786	71875082	1297
chr2	74673794	74676130	2337
chr2	74680749	74680995	247
chr2	74681655	74684154	2500
chr2	74692565	74693301	737
chr2	74700564	74700895	332
chr2	74711900	74712634	735
chr2	74726718	74728743	2026
chr2	74746275	74747427	1153
chr2	74752656	74753551	896
chr2	74762124	74764340	2217
chr2	77170023	77170134	112
chr2	77170343	77170987	645
chr2	77171604	77171749	146
chr2	77816038	77816547	510
chr2	79459042	79459826	785
chr2	85060232	85061229	998
chr2	85135892	85136610	719
chr2	90782696	90784389	1694
chr2	90885045	90889641	4597
chr2	91254961	91256813	1853
chr2	91457281	91459543	2263
chr2	91974959	91976810	1852
chr2	92460167	92461784	1618
chr2	93334264	93335045	782
chr2	93954855	93957243	2389
chr2	93975607	93977180	1574
chr2	94239392	94241713	2322
chr2	94242562	94244629	2068
chr2	103567405	103567689	285
chr2	104122949	104124019	1071
chr2	105666933	105667132	200
chr2	109673425	109673814	390
chr2	109674584	109676492	1909
chr2	109693118	109694541	1424
chr2	109696342	109697333	992
chr2	116060295	116061978	1684
chr2	116063177	116064627	1451
chr2	118372030	118373628	1599
chr2	118547887	118549190	1304
chr2	118896055	118900550	4496
chr2	119324410	119326808	2399
chr2	119757488	119760410	2923
chr2	121356128	121358313	2186
chr2	121441677	121443562	1886
chr2	121805676	121806336	661
chr2	127335308	127337330	2023
chr2	127481699	127484531	2833
chr2	127540345	127541971	1627
chr2	130295028	130296867	1840
chr2	130576065	130577340	1276
chr2	136712142	136712545	404
chr2	143547101	143549372	2272
chr2	146047351	146047617	267
chr2	146048153	146048744	592
chr2	147183968	147184743	776
chr2	147359729	147360099	371
chr2	147361810	147362378	569
chr2	147364998	147366325	1328
chr2	148043581	148047102	3522
chr2	148048869	148049019	151
chr2	154407189	154407729	541
chr2	155773588	155775073	1486
chr2	156614130	156615580	1451
chr2	158374378	158377068	2691
chr2	158609959	158611817	1859
chr2	160368558	160371139	2582
chr2	160887720	160888803	1084
chr2	160911076	160912852	1777
chr2	162659396	162661889	2494
chr2	162943384	162944136	753
chr2	163917583	163919958	2376
chr2	164170048	164171987	1940
chr2	164387193	164387337	145
chr2	164485120	164486483	1364
chr2	164856339	164858648	2310
chr2	164938054	164940930	2877
chr2	164966608	164970055	3448
chr2	164996809	164998735	1927
chr2	165180758	165181459	702
chr2	165232821	165234635	1815
chr2	165594173	165596613	2441
chr2	167188181	167191076	2896
chr2	167688970	167690991	2022
chr2	168081290	168083267	1978
chr2	168600562	168602807	2246
chr2	168762337	168762590	254
chr2	169635608	169635792	185
chr2	170130384	170131093	710
chr2	170131429	170131572	144
chr2	172545753	172547973	2221
chr2	172548731	172550045	1315
chr2	172550615	172551907	1293
chr2	173274812	173276282	1471
chr2	174284474	174286673	2200
chr2	174328322	174329215	894
chr2	178118289	178120050	1762
chr2	180102822	180105409	2588
chr2	180455728	180457742	2015
chr2	180775003	180778371	3369
chr2	180889833	180892864	3032
chr2	180893358	180894205	848
chr2	181457330	181458857	1528
chr3	10014665	10014852	188
chr3	13472733	13473596	864
chr3	27708658	27710699	2042
chr3	30855908	30856660	753
chr3	32615845	32617298	1454
chr3	36475120	36475728	609
chr3	37641452	37643292	1841
chr3	37722695	37724254	1560
chr3	40950680	40951342	663
chr3	41589076	41589745	670
chr3	52266374	52267793	1420
chr3	52268707	52270162	1456
chr3	53040834	53041086	253
chr3	54155454	54155530	77
chr3	54755834	54756312	479
chr3	55783361	55783872	512
chr3	63851139	63851555	417
chr3	69318042	69319004	963
chr3	79288047	79288376	330
chr3	80909030	80909168	139
chr3	84190652	84190976	325
chr3	86548717	86549110	394
chr3	86550235	86551054	820
chr3	88022312	88024774	2463
chr3	89280274	89281913	1640
chr3	89392067	89393207	1141
chr3	89395449	89396480	1032
chr3	89830071	89833206	3136
chr3	95172054	95173823	1770
chr3	95881275	95883249	1975
chr3	96160413	96162262	1850
chr3	96596074	96599103	3030
chr3	102011710	102012687	978
chr3	102165493	102165994	502
chr3	103574283	103574411	129
chr3	103574462	103576981	2520
chr3	107100502	107103254	2753
chr3	107457558	107460920	3363
chr3	107516652	107519294	2643
chr3	108471429	108472640	1212
chr3	110142669	110144079	1411
chr3	116712631	116713273	643
chr3	121261374	121262538	1165
chr3	121263606	121264565	960
chr3	122619072	122619903	832
chr3	122729178	122731221	2044
chr3	127161710	127163106	1397
chr3	127408063	127408905	843
chr3	127788257	127790726	2470
chr3	129332551	129332840	290
chr3	131106375	131107905	1531
chr3	131488553	131489926	1374
chr3	131490739	131490914	176
chr3	131490970	131491554	585
chr3	134238761	134239129	369
chr3	141981724	141982316	593
chr3	146498580	146500503	1924
chr3	146685279	146685676	398
chr3	152165151	152166366	1216
chr4	3677270	3678829	1560
chr4	6991059	6991554	496
chr4	13743738	13745681	1944
chr4	21685580	21685906	327
chr4	32984929	32985217	289
chr4	41692861	41695182	2322
chr4	41695780	41696777	998
chr4	41729845	41731803	1959
chr4	42916034	42917949	1916
chr4	43507969	43509519	1551
chr4	45638458	45638825	368
chr4	45972949	45974925	1977
chr4	46038198	46040880	2683
chr4	46600336	46602073	1738
chr4	46990622	46992913	2292
chr4	48046302	48049198	2897
chr4	48051382	48052172	791
chr4	48585657	48586247	591
chr4	53158588	53159596	1009
chr4	54944587	54946399	1813
chr4	57142431	57142934	504
chr4	57299776	57301902	2127
chr4	58205474	58207174	1701
chr4	60155403	60155578	176
chr4	62479035	62481002	1968
chr4	62673853	62674599	747
chr4	63459420	63459756	337
chr4	65124269	65125907	1639
chr4	81329609	81330062	454
chr4	81330109	81330458	350
chr4	86198495	86198953	459
chr4	88937251	88938912	1662
chr4	100776068	100776239	172
chr4	100776423	100778030	1608
chr4	101496396	101497806	1411
chr4	102087938	102088669	732
chr4	104366543	104368972	2430
chr4	107803095	107805288	2194
chr4	107845682	107846632	951
chr4	109280716	109281464	749
chr4	109973746	109976553	2808
chr4	109977574	109978611	1038
chr4	109979905	109980471	567
chr4	114907263	114909522	2260
chr4	114924087	114926889	2803
chr4	116016021	116017034	1014
chr4	116820612	116821283	672
chr4	117925453	117927743	2291
chr4	119104913	119107687	2775
chr4	119734141	119735903	1763
chr4	119815391	119815519	129
chr4	120033468	120034560	1093
chr4	120666520	120668196	1677
chr4	120746609	120749948	3340
chr4	122958743	122959058	316
chr4	123181750	123184326	2577
chr4	123201135	123202335	1201
chr4	123373683	123373878	196
chr4	124883779	124883941	163
chr4	124893553	124895591	2039
chr4	125065393	125065836	444
chr4	126299722	126302319	2598
chr4	127988338	127989288	951
chr4	129135899	129138000	2102
chr4	129247312	129249348	2037
chr4	129440210	129442631	2422
chr4	129490777	129492246	1470
chr4	129513294	129514794	1501
chr4	129554830	129556314	1485
chr4	130074751	130075567	817
chr4	130307457	130309683	2227
chr4	131835256	131837688	2433
chr4	131913626	131916261	2636
chr4	131920127	131922928	2802
chr4	132073874	132075067	1194
chr4	133009810	133011046	1237
chr4	133038481	133038883	403
chr4	133240581	133242847	2267
chr4	133498781	133500394	1614
chr4	133556014	133556198	185
chr4	133599263	133602188	2926
chr4	133632301	133633010	710
chr4	133886336	133888206	1871
chr4	134016728	134019131	2404
chr4	134081209	134083229	2021
chr4	134370271	134372233	1963
chr4	134702659	134703924	1266
chr4	134766665	134768095	1431
chr4	135270007	135271033	1027
chr4	135396703	135398907	2205
chr4	135495121	135496426	1306
chr4	136172939	136173627	689
chr4	136955989	136957591	1603
chr4	137664130	137665387	1258
chr4	137723180	137724478	1299
chr4	137728530	137729675	1146
chr4	138249741	138252381	2641
chr4	138455426	138456452	1027
chr4	138635533	138635665	133
chr4	139831874	139834204	2331
chr4	140698447	140701002	2556
chr4	140844234	140844697	464
chr4	141009757	141011617	1861
chr4	141301271	141303581	2311
chr4	141872367	141873074	708
chr4	141873662	141874138	477
chr4	142015373	142016641	1269
chr4	142083972	142085599	1628
chr4	142237548	142238727	1180
chr4	148284951	148285202	252
chr4	148287091	148287333	243
chr4	148890289	148891825	1537
chr4	149587459	149588867	1409
chr4	149674062	149675941	1880
chr4	150087803	150088571	769
chr4	151043285	151044277	993
chr4	151994284	151995211	928
chr4	152006800	152008460	1661
chr4	152125136	152126809	1674
chr4	152273777	152275170	1394
chr4	152281745	152283313	1569
chr4	152286480	152287187	708
chr4	152339215	152340412	1198
chr4	152697663	152697922	260
chr4	154139051	154141743	2693
chr4	154634690	154636246	1557
chr4	154637177	154638676	1500
chr4	154854093	154855869	1777
chr4	154959705	154962652	2948
chr4	155042739	155044451	1713
chr4	155359538	155362875	3338
chr4	155397517	155398716	1200
chr4	155652376	155655063	2688
chr4	155773328	155774908	1581
chr4	155840731	155842118	1388
chr4	156196053	156197092	1040
chr4	156202490	156205494	3005
chr5	3343683	3344040	358
chr5	9100773	9101620	848
chr5	13790254	13790368	115
chr5	15934205	15935645	1441
chr5	24413828	24414086	259
chr5	24473048	24475108	2061
chr5	25099102	25101331	2230
chr5	28207469	28207661	193
chr5	28457817	28460634	2818
chr5	29477559	29479001	1443
chr5	30342487	30343307	821
chr5	30587483	30589585	2103
chr5	30621609	30623335	1727
chr5	32131760	32133183	1424
chr5	34285870	34287820	1951
chr5	34948945	34949862	918
chr5	35279568	35281573	2006
chr5	35388481	35389383	903
chr5	35389441	35390064	624
chr5	35391593	35392472	880
chr5	35758164	35759710	1547
chr5	36867733	36868290	558
chr5	36869645	36870132	488
chr5	37025913	37026336	424
chr5	37026398	37027314	917
chr5	37029130	37030474	1345
chr5	37389193	37389288	96
chr5	37821177	37821801	625
chr5	39643208	39644131	924
chr5	41761006	41764515	3510
chr5	49524014	49524642	629
chr5	53035079	53035710	632
chr5	53212244	53213072	829
chr5	64160661	64160971	311
chr5	70842859	70843350	492
chr5	72204278	72204437	160
chr5	75075276	75076465	1190
chr5	75574414	75576431	2018
chr5	93043063	93045623	2561
chr5	100844417	100848483	4067
chr5	101765363	101767895	2533
chr5	102845978	102846190	213
chr5	105520130	105520359	230
chr5	106458082	106459370	1289
chr5	107288189	107289077	889
chr5	107402400	107404054	1655
chr5	108748121	108748358	238
chr5	110284465	110285884	1420
chr5	110385990	110387874	1885
chr5	110542605	110545938	3334
chr5	111417755	111421605	3851
chr5	115192433	115193960	1528
chr5	115238738	115239423	686
chr5	117120661	117122657	1997
chr5	117241282	117243081	1800
chr5	118026494	118029652	3159
chr5	118168911	118169496	586
chr5	118170243	118174798	4556
chr5	119680287	119683362	3076
chr5	119686974	119689195	2222
chr5	119836833	119837608	776
chr5	120648660	120650507	1848
chr5	120693935	120695597	1663
chr5	121009483	121010742	1260
chr5	121837081	121838878	1798
chr5	122131888	122132474	587
chr5	122778138	122779027	890
chr5	122951990	122953436	1447
chr5	123684371	123685217	847
chr5	124095077	124096333	1257
chr5	124535916	124537750	1835
chr5	124859966	124861852	1887
chr5	127241635	127244758	3124
chr5	129007641	129008835	1195
chr5	129582895	129583555	661
chr5	129584618	129585965	1348
chr5	130449484	130450216	733
chr5	131305930	131306932	1003
chr5	134747084	134747221	138
chr5	135855764	135857940	2177
chr5	135867535	135869489	1955
chr5	136568142	136571130	2989
chr5	137028831	137029414	584
chr5	137030610	137032096	1487
chr5	137287942	137289652	1711
chr5	138992663	138994227	1565
chr5	138996484	138999432	2949
chr5	139324482	139326234	1753
chr5	139540512	139541164	653
chr5	139544278	139544870	593
chr5	139546228	139546580	353
chr5	139792834	139793327	494
chr5	142550074	142550521	448
chr5	144548084	144548247	164
chr5	144761010	144762406	1397
chr5	147268419	147269143	725
chr5	147270051	147272051	2001
chr5	147304846	147305520	675
chr5	147306000	147307269	1270
chr5	147399427	147402106	2680
chr5	147957670	147959468	1799
chr5	148264760	148266911	2152
chr5	149526866	149527578	713
chr6	5383705	5383820	116
chr6	18409123	18409213	91
chr6	22874915	22875158	244
chr6	29402872	29403299	428
chr6	29484042	29484291	250
chr6	29916051	29916475	425
chr6	31218483	31221308	2826
chr6	32586059	32588557	2499
chr6	39117368	39119066	1699
chr6	42372894	42373667	774
chr6	48626820	48628368	1549
chr6	50455155	50455955	801
chr6	52156719	52156939	221
chr6	52157716	52158097	382
chr6	52169943	52172446	2504
chr6	52177313	52178038	726
chr6	52184385	52185042	658
chr6	52190157	52192371	2215
chr6	52203023	52204676	1654
chr6	52205561	52206299	739
chr6	52216385	52217787	1403
chr6	52224476	52226241	1766
chr6	52233158	52235072	1915
chr6	52315791	52317821	2031
chr6	53067403	53068048	646
chr6	53287686	53290049	2364
chr6	54040131	54041860	1730
chr6	54325992	54328112	2121
chr6	54428594	54430623	2030
chr6	67532384	67536175	3792
chr6	72232957	72233853	897
chr6	72234377	72236519	2143
chr6	72354985	72355361	377
chr6	72389729	72391312	1584
chr6	77243611	77245871	2261
chr6	83751098	83751554	457
chr6	83761940	83763837	1898
chr6	85511308	85513622	2315
chr6	86194619	86197795	3177
chr6	88190213	88191245	1033
chr6	88193511	88194406	896
chr6	88197045	88197250	206
chr6	88200345	88200873	529
chr6	89360523	89362037	1515
chr6	89362973	89363476	504
chr6	90461405	90463846	2442
chr6	90715877	90716880	1004
chr6	90735953	90736949	997
chr6	91158002	91158294	293
chr6	91408800	91411337	2538
chr6	91684373	91685018	646
chr6	91827077	91827177	101
chr6	92482559	92482724	166
chr6	92534502	92535027	526
chr6	92704800	92706517	1718
chr6	99520049	99521459	1411
chr6	99693371	99693880	510
chr6	100288029	100289504	1476
chr6	105677265	105679953	2689
chr6	106765899	106766377	479
chr6	108658212	108658753	542
chr6	108660743	108662262	1520
chr6	108847020	108847238	219
chr6	113282689	113284060	1372
chr6	113482326	113482498	173
chr6	113494759	113495611	853
chr6	114967426	114967949	524
chr6	114969054	114969729	676
chr6	115360090	115362545	2456
chr6	115993013	115994740	1728
chr6	118010497	118012318	1822
chr6	118592818	118594441	1624
chr6	119105830	119107999	2170
chr6	121130630	121131502	873
chr6	121132411	121132855	445
chr6	121471768	121471896	129
chr6	122484638	122484876	239
chr6	123649967	123650169	203
chr6	123651994	123652235	242
chr6	124761103	124761360	258
chr6	124768437	124770307	1871
chr6	124996947	124999389	2443
chr6	125361687	125361738	52
chr6	126642185	126642450	266
chr6	126642554	126643944	1391
chr6	126644339	126644910	572
chr6	128033316	128036171	2856
chr6	128299339	128301917	2579
chr6	135252699	135252949	251
chr6	137731839	137732210	372
chr6	145076612	145076879	268
chr6	145864019	145865301	1283
chr6	148354547	148354894	348
chr7	3300987	3302685	1699
chr7	3416182	3416371	190
chr7	4119381	4121126	1746
chr7	4150735	4152740	2006
chr7	4835357	4836306	950
chr7	4868797	4868957	161
chr7	5052795	5058111	5317
chr7	15998532	15999180	649
chr7	16060346	16062258	1913
chr7	16311246	16312763	1518
chr7	16891002	16891281	280
chr7	17071024	17071509	486
chr7	18892890	18894039	1150
chr7	18991759	18993396	1638
chr7	19178060	19181301	3242
chr7	19277996	19280913	2918
chr7	19304137	19306692	2556
chr7	19340722	19342576	1855
chr7	19360465	19362132	1668
chr7	19576127	19578934	2808
chr7	21165142	21165206	65
chr7	21273818	21273950	133
chr7	22874179	22874243	65
chr7	24499973	24500665	693
chr7	24942405	24945577	3173
chr7	25008732	25011673	2942
chr7	25180539	25182594	2056
chr7	25313443	25315892	2450
chr7	27356432	27358617	2186
chr7	27394146	27397069	2924
chr7	27445595	27446877	1283
chr7	27860555	27861534	980
chr7	28371606	28372197	592
chr7	28380610	28382551	1942
chr7	29170678	29173095	2418
chr7	29281404	29282593	1190
chr7	29289238	29289699	462
chr7	29304034	29305460	1427
chr7	30365676	30366414	739
chr7	31050542	31052660	2119
chr7	31125198	31127690	2493
chr7	34653661	34654229	569
chr7	35119422	35121362	1941
chr7	35332018	35333481	1464
chr7	35335724	35336156	433
chr7	38228137	38228536	400
chr7	38229964	38230493	530
chr7	41667784	41668036	253
chr7	42642424	42642476	53
chr7	43475959	43477807	1849
chr7	44010165	44010231	67
chr7	44263405	44263627	223
chr7	44309947	44311383	1437
chr7	44335385	44338392	3008
chr7	44351728	44354517	2790
chr7	44586615	44587823	1209
chr7	44669014	44669214	201
chr7	44838984	44841260	2277
chr7	44950261	44952846	2586
chr7	45018497	45020762	2266
chr7	45091408	45092200	793
chr7	45135872	45136297	426
chr7	45163636	45164341	706
chr7	45168028	45169027	1000
chr7	45174711	45177663	2953
chr7	45180628	45181939	1312
chr7	45368869	45370555	1687
chr7	45413722	45416941	3220
chr7	45698468	45700835	2368
chr7	45706092	45706872	781
chr7	46048812	46049316	505
chr7	46179344	46181083	1740
chr7	46394850	46395171	322
chr7	49914514	49916824	2311
chr7	51878936	51879494	559
chr7	54834732	54835168	437
chr7	63756460	63759883	3424
chr7	65371506	65371563	58
chr7	66039623	66039781	159
chr7	66106907	66107136	230
chr7	66280606	66280844	239
chr7	73389932	73392500	2569
chr7	74552300	74554283	1984
chr7	78576297	78577349	1053
chr7	78579251	78580112	862
chr7	78889866	78890194	329
chr7	79464559	79465466	908
chr7	79466870	79467974	1105
chr7	80387014	80388360	1347
chr7	81452956	81455217	2262
chr7	81828294	81829976	1683
chr7	81933500	81935629	2130
chr7	89404884	89405484	601
chr7	90302334	90303971	1638
chr7	90441958	90442158	201
chr7	90478483	90478993	511
chr7	97325131	97326974	1844
chr7	97789001	97790838	1838
chr7	98110853	98112829	1977
chr7	98308578	98308783	206
chr7	98360368	98360658	291
chr7	98834402	98837042	2641
chr7	100604393	100604927	535
chr7	101319838	101320464	627
chr7	101836394	101838630	2237
chr7	102267947	102268832	886
chr7	105787865	105788143	279
chr7	108950528	108952277	1750
chr7	109085118	109085348	231
chr7	109168749	109169857	1109
chr7	109174311	109176368	2058
chr7	109671512	109672594	1083
chr7	109780512	109782899	2388
chr7	110625687	110629416	3730
chr7	110768299	110769751	1453
chr7	112226491	112227716	1226
chr7	113207977	113209644	1668
chr7	113766148	113768255	2108
chr7	114115132	114116567	1436
chr7	118596304	118598187	1884
chr7	118994036	118994135	100
chr7	118994158	118994992	835
chr7	121734473	121735475	1003
chr7	126950342	126951512	1171
chr7	127769503	127771315	1813
chr7	128004286	128005296	1011
chr7	128523207	128524570	1364
chr7	131549378	131549913	536
chr7	135537963	135538878	916
chr7	138396368	138397506	1139
chr7	138940261	138942256	1996
chr7	139187306	139188181	876
chr7	139247182	139249338	2157
chr7	139893338	139894898	1561
chr7	140221216	140221457	242
chr7	140920611	140922491	1881
chr7	141461104	141462356	1253
chr7	141463288	141465764	2477
chr7	141475730	141476849	1120
chr7	141950173	141950745	573
chr7	142096109	142097310	1202
chr7	142578129	142578934	806
chr7	142658260	142661292	3033
chr7	142663924	142665127	1204
chr7	143650222	143650349	128
chr7	143756484	143757684	1201
chr7	143782635	143782807	173
chr7	143783853	143784224	372
chr7	145206143	145206578	436
chr8	3629904	3631817	1914
chr8	9769774	9770485	712
chr8	10153507	10153570	64
chr8	10153682	10155097	1416
chr8	10249417	10249639	223
chr8	12394939	12397192	2254
chr8	12757458	12758262	805
chr8	12872411	12872706	296
chr8	13493139	13495157	2019
chr8	13972277	13974505	2229
chr8	18950735	18951385	651
chr8	22975154	22978568	3415
chr8	25519690	25521965	2276
chr8	26978723	26980221	1499
chr8	27085772	27088411	2640
chr8	33598778	33598968	191
chr8	36456860	36457044	185
chr8	36613175	36614302	1128
chr8	46290508	46293843	3336
chr8	46295808	46296630	823
chr8	57320985	57322367	1383
chr8	57323575	57323871	297
chr8	57340040	57341651	1612
chr8	70083325	70085232	1908
chr8	70086788	70088773	1986
chr8	70210517	70210911	395
chr8	70282588	70282805	218
chr8	70282940	70283746	807
chr8	70330060	70331480	1421
chr8	70372992	70376767	3776
chr8	70488413	70490313	1901
chr8	70491962	70495742	3781
chr8	70594589	70595920	1332
chr8	70597669	70598374	706
chr8	70608560	70611662	3103
chr8	70742640	70744264	1625
chr8	70745107	70745458	352
chr8	70765339	70767160	1822
chr8	70797686	70798984	1299
chr8	70891238	70893525	2288
chr8	71507444	71509852	2409
chr8	71680125	71682160	2036
chr8	71689191	71689980	790
chr8	72319067	72321434	2368
chr8	75213472	75215012	1541
chr8	76899711	76901231	1521
chr8	76902455	76903077	623
chr8	78434570	78438504	3935
chr8	84001274	84001984	711
chr8	84010376	84013235	2860
chr8	84043874	84045186	1313
chr8	84186946	84187912	967
chr8	84415613	84416317	705
chr8	84600359	84602155	1797
chr8	84908538	84908868	331
chr8	84912543	84914196	1654
chr8	84944096	84946231	2136
chr8	84977141	84978635	1495
chr8	87467997	87469331	1335
chr8	87469955	87471331	1377
chr8	88311125	88311188	64
chr8	89042823	89047226	4404
chr8	91799291	91801209	1919
chr8	93811445	93812099	655
chr8	94171836	94173860	2025
chr8	94179350	94180557	1208
chr8	94771393	94774208	2816
chr8	94977170	94978844	1675
chr8	95676770	95679191	2422
chr8	104540607	104542721	2115
chr8	105258457	105259802	1346
chr8	105269517	105272022	2506
chr8	105413351	105414436	1086
chr8	105612612	105614586	1975
chr8	111392863	111393737	875
chr8	113847580	113849766	2187
chr8	114603194	114605552	2359
chr8	115705446	115706889	1444
chr8	115708049	115708506	458
chr8	120114515	120116258	1744
chr8	120632971	120634988	2018
chr8	121080622	121080969	348
chr8	121083881	121085337	1457
chr8	121116200	121118173	1974
chr8	121126947	121129502	2556
chr8	121728309	121731233	2925
chr8	121752629	121754529	1901
chr8	122459984	122462700	2717
chr8	123115866	123118754	2889
chr8	123234774	123236620	1847
chr8	123551832	123552135	304
chr8	123568854	123569432	579
chr8	123892281	123895500	3220
chr8	124793684	124795256	1573
chr8	125897173	125898752	1580
chr8	125909339	125912306	2968
chr8	126138154	126140102	1949
chr8	127062669	127065231	2563
chr9	20868021	20870042	2022
chr9	21034554	21037671	3118
chr9	21245063	21245654	592
chr9	21248018	21249144	1127
chr9	21311635	21312752	1118
chr9	21797803	21799219	1417
chr9	21960333	21962767	2435
chr9	21987523	21990620	3098
chr9	24773679	24774773	1095
chr9	27299798	27301123	1326
chr9	29410787	29411479	693
chr9	32224409	32224460	52
chr9	34486220	34487566	1347
chr9	34489187	34489969	783
chr9	35421903	35423651	1749
chr9	35424534	35425062	529
chr9	35556886	35558340	1455
chr9	37143376	37145375	2000
chr9	37526922	37530344	3423
chr9	40876312	40876589	278
chr9	40963623	40964780	1158
chr9	41156108	41157120	1013
chr9	41973901	41975101	1201
chr9	42123213	42124927	1715
chr9	42943689	42944257	569
chr9	43744783	43746090	1308
chr9	44043295	44045572	2278
chr9	44083019	44084763	1745
chr9	44129620	44131624	2005
chr9	44497556	44498452	897
chr9	44707813	44708289	477
chr9	44725897	44725955	59
chr9	44733426	44735498	2073
chr9	45058418	45059100	683
chr9	45060031	45060835	805
chr9	45072728	45072912	185
chr9	45137460	45139663	2204
chr9	45267932	45269970	2039
chr9	45429316	45431534	2219
chr9	45935382	45936649	1268
chr9	46230322	46230801	480
chr9	47531847	47533769	1923
chr9	48837983	48838335	353
chr9	50745880	50746622	743
chr9	53973418	53975074	1657
chr9	54698961	54701568	2608
chr9	56771763	56772146	384
chr9	56795261	56797734	2474
chr9	57695529	57697712	2184
chr9	58487176	58490209	3034
chr9	58823381	58824987	1607
chr9	59586034	59586342	309
chr9	60713611	60713859	249
chr9	63756574	63759372	2799
chr9	64384477	64384693	217
chr9	64385716	64387870	2155
chr9	66833433	66834472	1040
chr9	67046556	67050042	3487
chr9	67758983	67760273	1291
chr9	69290388	69293127	2740
chr9	69758610	69760737	2128
chr9	71770014	71772138	2125
chr9	72806748	72807101	354
chr9	76322290	76322478	189
chr9	79829855	79829994	140
chr9	92251337	92251697	361
chr9	95558516	95559317	802
chr9	95560217	95561550	1334
chr9	95749313	95749530	218
chr9	98031698	98033934	2237
chr9	99437428	99438472	1045
chr9	99452442	99452628	187
chr9	99875230	99876310	1081
chr9	99877142	99877404	263
chr9	99878390	99878836	447
chr9	102352108	102354058	1951
chr9	103424745	103424967	223
chr9	103759357	103761652	2296
chr9	106198707	106199048	342
chr9	106369297	106370287	991
chr9	107288928	107289997	1070
chr9	107400421	107403267	2847
chr9	107526089	107527875	1787
chr9	107550379	107553238	2860
chr9	107706753	107710398	3646
chr9	107886156	107886591	436
chr9	107984471	107986427	1957
chr9	108081596	108083475	1880
chr9	110244512	110245497	986
chr9	110631237	110632263	1027
chr9	110652329	110653867	1539
chr9	111268828	111268986	159
chr9	111311063	111314132	3070
chr9	114560136	114564970	4835
chr9	117250387	117250694	308
chr9	117251202	117251709	508
chr9	117252735	117253585	851
chr9	118478231	118480143	1913
chr9	118480590	118480737	148
chr9	119982604	119984841	2238
chr9	120304058	120306303	2246
chr9	121761841	121764008	2168
chr9	121838798	121839873	1076
chr9	122568688	122570277	1590
chr9	123259433	123259726	294
chr9	123676881	123677131	251
chr9	123677880	123679531	1652
chrX	7921833	7923491	1659
chrX	7927273	7928817	1545
chrX	9199562	9200950	1389
chrX	12078626	12079863	1238
chrX	12080790	12081974	1185
chrX	36328714	36329144	431
chrX	38958079	38958384	306
chrX	43427908	43428644	737
chrX	48034020	48034391	372
chrX	48340972	48342074	1103
chrX	71048822	71049140	319
chrX	73503158	73503737	580
chrX	73639618	73640826	1209
chrX	75874704	75875194	491
chrX	94234290	94235783	1494
chrX	94541934	94542317	384
chrX	99820604	99820771	168
chrX	99821217	99821721	505
chrX	101383381	101385082	1702
chrX	101848420	101850420	2001
chrX	103356373	103356893	521
chrX	103623093	103623897	805
chrX	105763586	105765806	2221
chrX	137118306	137119566	1261
chrX	139610868	139611187	320
chrX	155624669	155626025	1357
chrX	159415522	159416416	895
chrX	160996201	160996538	338